82773 27589
144167 48053
64286 21426
90060 30018
139975 46656
119911 39968
147212 49068
96993 32329
118538 39510
65995 21996
70391 23461
85639 28544
124508 41500
103982 34658
86744 28912
73303 24432
72696 24230
111316 37103
98200 32731
106212 35402
128283 42759
120601 40198
101876 33956
144647 48213
110781 36925
59689 19894
110801 36931
78142 26045
123899 41297
67801 22598
61767 20587
70819 23604
88128 29374
102947 34313
73691 24561
64806 21600
79445 26479
83799 27931
146580 48858
138268 46087
72585 24193
149134 49709
137149 45714
110634 36876
63878 21290
135572 45188
126267 42087
62055 20683
102467 34153
62095 20696
114604 38199
126879 42291
93426 31140
111319 37104
75732 25242
86021 28671
88319 29437
133395 44463
134947 44980
113548 37847
142309 47434
90498 30164
72526 24173
85813 28602
69138 23044
56743 18912
112068 37354
83130 27708
50899 16964
90175 30056
108884 36292
64655 21549
76357 25450
76793 25595
105852 35282
76055 25349
64980 21658
89676 29890
51166 17053
120137 40043
142202 47398
113950 37981
145440 48478
135280 45091
130839 43611
116871 38955
96674 32222
51818 17270
112971 37655
124729 41574
147789 49261
137949 45981
52668 17554
138880 46291
110331 36775
74024 24672
92304 30766
143261 47751
92388 30794
65770 21921
3324332
