11 11
9 20
15 35
-17 18
8 26
16 42
5 47
13 60
8 68
-6 62
12 74
-17 57
-16 41
13 54
16 70
-15 55
-5 50
11 61
19 80
5 85
-8 77
20 97
18 115
15 130
-4 126
-12 114
8 122
2 124
15 139
12 151
-13 138
-4 134
-1 133
-14 119
-15 104
-6 98
-9 89
-13 76
18 94
13 107
6 113
-8 105
-3 102
-19 83
8 91
17 108
8 116
5 121
-11 110
15 125
-7 118
9 127
-18 109
-9 100
17 117
-14 103
-19 84
4 88
-6 82
4 86
1 87
-12 75
4 79
-1 78
-9 69
4 73
19 92
20 112
11 123
8 131
19 150
-13 137
17 154
6 160
8 168
-11 157
5 162
9 171
-15 156
17 173
-12 161
6 167
-19 148
-2 146
17 163
-18 145
7 152
-5 147
19 166
15 181
5 186
-6 180
2 182
5 187
18 205
11 216
2 218
5 223
-14 209
17 226
17 243
1 244
17 261
-9 252
-1 251
5 256
-11 245
5 250
-17 233
2 235
14 249
16 265
-3 262
17 279
18 297
1 298
-16 282
19 301
-11 290
-10 280
3 283
8 291
17 308
19 327
-18 309
6 315
-1 314
-2 312
14 326
-2 324
12 336
11 347
1 348
-19 329
-1 328
18 346
13 359
-6 353
-10 343
-13 330
12 342
-11 331
19 350
14 364
17 381
-2 379
-18 361
-4 357
11 368
-12 356
-2 354
-21 333
7 340
-1 339
-5 334
-13 321
-18 303
-18 285
-7 278
9 287
12 299
6 305
-12 293
20 313
-19 294
6 300
-19 281
3 284
-16 268
20 288
-17 271
-8 263
4 267
8 275
-21 254
18 272
-6 266
-13 253
2 255
5 260
-14 246
-16 230
-19 211
-17 194
4 198
-15 183
-11 172
-3 169
6 175
13 188
18 206
-16 190
-16 174
-15 159
-15 144
-2 142
1 143
-3 140
13 153
25 178
1 179
14 193
-8 185
-8 177
-19 158
7 165
11 176
20 196
5 201
-9 192
8 200
19 219
-9 210
3 213
1 214
1 215
-12 203
18 221
15 236
-5 231
11 242
-1 241
18 259
-2 257
-18 239
-14 225
-1 224
-16 208
12 220
12 232
-20 212
10 222
25 247
-13 234
-17 217
-20 197
-13 184
11 195
-40 155
-19 136
5 141
-21 120
-9 111
-15 96
-6 90
3 93
13 106
-5 101
-2 99
33 132
3 135
-7 128
42 170
32 202
-13 189
2 191
37 228
-1 227
-20 207
30 237
3 240
8 248
10 258
11 269
-5 264
-26 238
35 273
16 289
-12 277
9 286
16 302
18 320
-13 307
-15 292
19 311
6 317
18 335
16 351
11 362
16 378
-2 376
-10 366
1 367
-2 365
17 382
7 389
-1 388
17 405
6 411
15 426
7 433
-5 428
-6 422
9 431
-4 427
-17 410
-14 396
-1 395
-21 374
-2 372
15 387
3 390
8 398
-18 380
-17 363
-14 349
6 355
-17 338
20 358
13 371
14 385
-1 384
-1 383
3 386
-11 375
19 394
19 413
7 420
-18 402
-9 393
11 404
-12 392
11 403
4 407
2 409
8 417
-2 415
6 421
-20 401
5 406
6 412
-13 399
-8 391
6 397
11 408
8 416
2 418
7 425
11 436
-7 429
18 447
11 458
15 473
-16 457
-18 439
6 445
10 455
6 461
15 476
13 489
4 493
4 497
14 511
14 525
-47 478
17 495
-7 488
-20 468
-1 467
19 486
16 502
-23 479
-13 466
-17 449
13 462
-8 454
6 460
-20 440
4 444
15 459
4 463
19 482
19 501
-7 494
-24 470
-17 453
-19 434
-2 432
19 451
-13 438
8 446
-4 442
-19 423
-9 414
29 443
21 464
-29 435
2 437
15 452
22 474
1 475
21 496
-13 483
-14 469
12 481
-57 424
-5 419
-49 370
-10 360
-19 341
-19 322
-6 316
7 323
21 344
-12 332
-13 319
-13 306
4 310
-15 295
9 304
21 325
-7 318
19 337
32 369
31 400
-27 373
-21 352
25 377
-101 276
69 345
-75 270
26 296
-22 274
-45 229
-30 199
5 204
-40 164
-15 149
-880 -731
-60727 -61458
14 -61444
-13 -61457
-18 -61475
7 -61468
2 -61466
-5 -61471
6 -61465
14 -61451
5 -61446
5 -61441
-18 -61459
-15 -61474
-9 -61483
7 -61476
-10 -61486
19 -61467
4 -61463
7 -61456
6 -61450
3 -61447
21 -61426
2 -61424
5 -61419
-19 -61438
15 -61423
-11 -61434
-19 -61453
-7 -61460
-1 -61461
-16 -61477
4 -61473
-12 -61485
-15 -61500
3 -61497
5 -61492
-6 -61498
-14 -61512
11 -61501
-16 -61517
-7 -61524
-15 -61539
8 -61531
12 -61519
-2 -61521
-9 -61530
-12 -61542
-17 -61559
19 -61540
-5 -61545
-19 -61564
16 -61548
-10 -61558
-13 -61571
-14 -61585
-1 -61586
-10 -61596
-18 -61614
-6 -61620
-11 -61631
8 -61623
-11 -61634
4 -61630
14 -61616
9 -61607
8 -61599
-18 -61617
-9 -61626
8 -61618
-19 -61637
-5 -61642
-14 -61656
13 -61643
19 -61624
13 -61611
16 -61595
19 -61576
-4 -61580
-4 -61584
3 -61581
19 -61562
-4 -61566
-7 -61573
-15 -61588
6 -61582
-9 -61591
-15 -61606
12 -61594
-14 -61608
6 -61602
-17 -61619
9 -61610
13 -61597
-4 -61601
-20 -61621
17 -61604
-9 -61613
-12 -61625
16 -61609
6 -61603
-9 -61612
19 -61593
10 -61583
11 -61572
17 -61555
-19 -61574
-1 -61575
12 -61563
12 -61551
1 -61550
-6 -61556
-1 -61557
4 -61553
-12 -61565
11 -61554
-14 -61568
19 -61549
-3 -61552
-9 -61561
-6 -61567
-23 -61590
-2 -61592
-13 -61605
18 -61587
-2 -61589
10 -61579
2 -61577
8 -61569
-9 -61578
-20 -61598
-17 -61615
-21 -61636
-14 -61650
11 -61639
-5 -61644
-15 -61659
2 -61657
-9 -61666
4 -61662
-7 -61669
-12 -61681
9 -61672
-1 -61673
-11 -61684
1 -61683
-10 -61693
11 -61682
-17 -61699
-10 -61709
-17 -61726
-3 -61729
-10 -61739
11 -61728
15 -61713
-19 -61732
-14 -61746
1 -61745
2 -61743
18 -61725
17 -61708
3 -61705
17 -61688
-18 -61706
-15 -61721
2 -61719
-3 -61722
-14 -61736
9 -61727
9 -61718
6 -61712
-18 -61730
13 -61717
-21 -61738
-18 -61756
12 -61744
7 -61737
13 -61724
-11 -61735
20 -61715
12 -61703
1 -61702
15 -61687
-14 -61701
4 -61697
11 -61686
18 -61668
-2 -61670
-7 -61677
-12 -61689
-11 -61700
5 -61695
10 -61685
6 -61679
8 -61671
18 -61653
6 -61647
-13 -61660
19 -61641
-5 -61646
-3 -61649
14 -61635
-3 -61638
-20 -61658
-3 -61661
-3 -61664
16 -61648
-15 -61663
-12 -61675
8 -61667
-24 -61691
-16 -61707
-13 -61720
-3 -61723
13 -61710
6 -61704
-12 -61716
-31 -61747
7 -61740
-18 -61758
17 -61741
-13 -61754
1 -61753
-15 -61768
16 -61752
4 -61748
-1 -61749
-17 -61766
-1 -61767
16 -61751
-4 -61755
13 -61742
8 -61734
3 -61731
33 -61698
8 -61690
-6 -61696
20 -61676
-4 -61680
2 -61678
13 -61665
-29 -61694
-17 -61711
-22 -61733
-24 -61757
-5 -61762
2 -61760
-12 -61772
-1 -61773
2 -61771
-15 -61786
2 -61784
-11 -61795
6 -61789
1 -61788
-2 -61790
5 -61785
4 -61781
-22 -61803
5 -61798
19 -61779
-13 -61792
-7 -61799
16 -61783
6 -61777
2 -61775
-22 -61797
19 -61778
9 -61769
8 -61761
-9 -61770
-12 -61782
-18 -61800
-13 -61813
1 -61812
5 -61807
-9 -61816
10 -61806
-11 -61817
-10 -61827
16 -61811
-15 -61826
-2 -61828
-16 -61844
1 -61843
-15 -61858
-17 -61875
-3 -61878
6 -61872
11 -61861
4 -61857
11 -61846
-16 -61862
-3 -61865
6 -61859
-1 -61860
13 -61847
18 -61829
6 -61823
-2 -61825
-6 -61831
-4 -61835
-5 -61840
20 -61820
19 -61801
-8 -61809
1 -61808
-13 -61821
16 -61805
1 -61804
10 -61794
-25 -61819
-19 -61838
-4 -61842
9 -61833
-8 -61841
17 -61824
6 -61818
-19 -61837
-2 -61839
5 -61834
12 -61822
7 -61815
-21 -61836
-12 -61848
3 -61845
-7 -61852
-11 -61863
-3 -61866
-18 -61884
2 -61882
12 -61870
20 -61850
-23 -61873
-19 -61892
-17 -61909
9 -61900
-19 -61919
1 -61918
-14 -61932
-5 -61937
-4 -61941
-9 -61950
17 -61933
4 -61929
3 -61926
15 -61911
-13 -61924
1 -61923
-12 -61935
-17 -61952
8 -61944
8 -61936
-20 -61956
-17 -61973
15 -61958
-16 -61974
10 -61964
7 -61957
2 -61955
-10 -61965
-2 -61967
8 -61959
19 -61940
-6 -61946
-17 -61963
-8 -61971
9 -61962
17 -61945
25 -61920
-5 -61925
-18 -61943
4 -61939
18 -61921
9 -61912
18 -61894
-14 -61908
-2 -61910
11 -61899
14 -61885
-17 -61902
-15 -61917
38 -61879
12 -61867
-2 -61869
14 -61855
4 -61851
21 -61830
16 -61814
12 -61802
15 -61787
23 -61764
-1 -61765
6 -61759
9 -61750
-24 -61774
-6 -61780
-13 -61793
-3 -61796
33 -61763
-13 -61776
62 -61714
81 -61633
11 -61622
-5 -61627
-27 -61654
9 -61645
-7 -61652
20 -61632
-19 -61651
-4 -61655
27 -61628
28 -61600
-29 -61629
82 -61547
11 -61536
-10 -61546
8 -61538
-22 -61560
42 -61518
34 -61484
-24 -61508
-15 -61523
19 -61504
-66 -61570
-70 -61640
-34 -61674
-18 -61692
-548 -62240
408 -61832
-1249 -63081
-60542 -123623
6 -123617
-17 -123634
-4 -123638
6 -123632
-7 -123639
3 -123636
14 -123622
2 -123620
15 -123605
-6 -123611
-5 -123616
19 -123597
-17 -123614
-10 -123624
6 -123618
-11 -123629
2 -123627
-4 -123631
10 -123621
-5 -123626
-11 -123637
-13 -123650
-12 -123662
-14 -123676
-10 -123686
-9 -123695
17 -123678
9 -123669
15 -123654
1 -123653
-10 -123663
-10 -123673
14 -123659
16 -123643
-17 -123660
-15 -123675
7 -123668
-6 -123674
-16 -123690
-10 -123700
15 -123685
-2 -123687
-7 -123694
-3 -123697
-5 -123702
-14 -123716
-8 -123724
-9 -123733
16 -123717
7 -123710
17 -123693
-22 -123715
12 -123703
-16 -123719
18 -123701
5 -123696
15 -123681
10 -123671
20 -123651
11 -123640
-5 -123645
12 -123633
-16 -123649
8 -123641
-16 -123657
13 -123644
14 -123630
-5 -123635
-12 -123647
-9 -123656
-16 -123672
-5 -123677
16 -123661
-18 -123679
21 -123658
-9 -123667
-13 -123680
-8 -123688
-10 -123698
14 -123684
18 -123666
-17 -123683
-16 -123699
8 -123691
-15 -123706
2 -123704
-4 -123708
3 -123705
-21 -123726
17 -123709
-16 -123725
18 -123707
18 -123689
-3 -123692
-21 -123713
1 -123712
-19 -123731
-3 -123734
-2 -123736
-4 -123740
-5 -123745
-20 -123765
-19 -123784
6 -123778
-19 -123797
3 -123794
-12 -123806
124236 430
430
