82773 27589 9194 3062 1018 337 110 34 9 1 0 = 41354
144167 48053 16015 5336 1776 590 194 62 18 4 0 = 72048
64286 21426 7140 2378 790 261 85 26 6 0 = 32112
90060 30018 10004 3332 1108 367 120 38 10 1 0 = 44998
139975 46656 15550 5181 1725 573 189 61 18 4 0 = 69957
119911 39968 13320 4438 1477 490 161 51 15 3 0 = 59923
147212 49068 16354 5449 1814 602 198 64 19 4 0 = 73572
96993 32329 10774 3589 1194 396 130 41 11 1 0 = 48465
118538 39510 13168 4387 1460 484 159 51 15 3 0 = 59237
65995 21996 7330 2441 811 268 87 27 7 0 = 32967
70391 23461 7818 2604 866 286 93 29 7 0 = 35164
85639 28544 9512 3168 1054 349 114 36 10 1 0 = 42788
124508 41500 13831 4608 1534 509 167 53 15 3 0 = 62220
103982 34658 11550 3848 1280 424 139 44 12 2 0 = 51957
86744 28912 9635 3209 1067 353 115 36 10 1 0 = 43338
73303 24432 8142 2712 902 298 97 30 8 0 = 36621
72696 24230 8074 2689 894 296 96 30 8 0 = 36317
111316 37103 12365 4119 1371 455 149 47 13 2 0 = 55624
98200 32731 10908 3634 1209 401 131 41 11 1 0 = 49067
106212 35402 11798 3930 1308 434 142 45 13 2 0 = 53074
128283 42759 14251 4748 1580 524 172 55 16 3 0 = 64108
120601 40198 13397 4463 1485 493 162 52 15 3 0 = 60268
101876 33956 11316 3770 1254 416 136 43 12 2 0 = 50905
144647 48213 16069 5354 1782 592 195 63 19 4 0 = 72291
110781 36925 12306 4100 1364 452 148 47 13 2 0 = 55357
59689 19894 6629 2207 733 242 78 24 6 0 = 29813
110801 36931 12308 4100 1364 452 148 47 13 2 0 = 55365
78142 26045 8679 2891 961 318 104 32 8 0 = 39038
123899 41297 13763 4585 1526 506 166 53 15 3 0 = 61914
67801 22598 7530 2508 834 276 90 28 7 0 = 33871
61767 20587 6860 2284 759 251 81 25 6 0 = 30853
70819 23604 7866 2620 871 288 94 29 7 0 = 35379
88128 29374 9789 3261 1085 359 117 37 10 1 0 = 44033
102947 34313 11435 3809 1267 420 138 44 12 2 0 = 51440
73691 24561 8185 2726 906 300 98 30 8 0 = 36814
64806 21600 7198 2397 797 263 85 26 6 0 = 32372
79445 26479 8824 2939 977 323 105 33 9 1 0 = 39690
83799 27931 9308 3100 1031 341 111 35 9 1 0 = 41867
146580 48858 16284 5426 1806 600 198 64 19 4 0 = 73259
138268 46087 15360 5118 1704 566 186 60 18 4 0 = 69103
72585 24193 8062 2685 893 295 96 30 8 0 = 36262
149134 49709 16567 5520 1838 610 201 65 19 4 0 = 74533
137149 45714 15236 5076 1690 561 185 59 17 3 0 = 68541
110634 36876 12290 4094 1362 452 148 47 13 2 0 = 55284
63878 21290 7094 2362 785 259 84 26 6 0 = 31906
135572 45188 15060 5018 1670 554 182 58 17 3 0 = 67750
126267 42087 14027 4673 1555 516 170 54 16 3 0 = 63101
62055 20683 6892 2295 763 252 82 25 6 0 = 30998
102467 34153 11382 3792 1262 418 137 43 12 2 0 = 51201
62095 20696 6896 2296 763 252 82 25 6 0 = 31016
114604 38199 12731 4241 1411 468 154 49 14 2 0 = 57269
126879 42291 14095 4696 1563 519 171 55 16 3 0 = 63409
93426 31140 10378 3457 1150 381 125 39 11 1 0 = 46682
111319 37104 12366 4120 1371 455 149 47 13 2 0 = 55627
75732 25242 8412 2802 932 308 100 31 8 0 = 37835
86021 28671 9555 3183 1059 351 115 36 10 1 0 = 42981
88319 29437 9810 3268 1087 360 118 37 10 1 0 = 44128
133395 44463 14819 4937 1643 545 179 57 17 3 0 = 66663
134947 44980 14991 4995 1663 552 182 58 17 3 0 = 67441
113548 37847 12613 4202 1398 464 152 48 14 2 0 = 56740
142309 47434 15809 5267 1753 582 192 62 18 4 0 = 71121
90498 30164 10052 3348 1114 369 121 38 10 1 0 = 45217
72526 24173 8055 2683 892 295 96 30 8 0 = 36232
85813 28602 9532 3175 1056 350 114 36 10 1 0 = 42876
69138 23044 7679 2557 850 281 91 28 7 0 = 34537
56743 18912 6302 2098 697 230 74 22 5 0 = 28340
112068 37354 12449 4147 1380 458 150 48 14 2 0 = 56002
83130 27708 9234 3076 1023 339 111 35 9 1 0 = 41536
50899 16964 5652 1882 625 206 66 20 4 0 = 25419
90175 30056 10016 3336 1110 368 120 38 10 1 0 = 45055
108884 36292 12095 4029 1341 445 146 46 13 2 0 = 54409
64655 21549 7181 2391 795 263 85 26 6 0 = 32296
76357 25450 8481 2825 939 311 101 31 8 0 = 38146
76793 25595 8529 2841 945 313 102 32 8 0 = 38365
105852 35282 11758 3917 1303 432 142 45 13 2 0 = 52894
76055 25349 8447 2813 935 309 101 31 8 0 = 37993
64980 21658 7217 2403 799 264 86 26 6 0 = 32459
89676 29890 9961 3318 1104 366 120 38 10 1 0 = 44808
51166 17053 5682 1892 628 207 67 20 4 0 = 25553
120137 40043 13345 4446 1480 491 161 51 15 3 0 = 60035
142202 47398 15797 5263 1752 582 192 62 18 4 0 = 71068
113950 37981 12658 4217 1403 465 153 49 14 2 0 = 56942
145440 48478 16157 5383 1792 595 196 63 19 4 0 = 72687
135280 45091 15028 5007 1667 553 182 58 17 3 0 = 67606
130839 43611 14535 4843 1612 535 176 56 16 3 0 = 65387
116871 38955 12983 4325 1439 477 157 50 14 2 0 = 58402
96674 32222 10738 3577 1190 394 129 41 11 1 0 = 48303
51818 17270 5754 1916 636 210 68 20 4 0 = 25878
112971 37655 12549 4181 1391 461 151 48 14 2 0 = 56452
124729 41574 13856 4616 1536 510 168 54 16 3 0 = 62333
147789 49261 16418 5470 1821 605 199 64 19 4 0 = 73861
137949 45981 15325 5106 1700 564 186 60 18 4 0 = 68944
52668 17554 5849 1947 647 213 69 21 5 0 = 26305
138880 46291 15428 5140 1711 568 187 60 18 4 0 = 69407
110331 36775 12256 4083 1359 451 148 47 13 2 0 = 55134
74024 24672 8222 2738 910 301 98 30 8 0 = 36979
92304 30766 10253 3415 1136 376 123 39 11 1 0 = 46120
143261 47751 15915 5303 1765 586 193 62 18 4 0 = 71597
92388 30794 10262 3418 1137 377 123 39 11 1 0 = 46162
65770 21921 7305 2433 809 267 87 27 7 0 = 32856
4983626
